1 0.8899 0.8902
2 0.8425 0.8432
3 0.8034 0.8051
4 0.7739 0.8032
5 0.7470 0.7918
6 0.7218 0.7879
7 0.6903 0.7828
8 0.6624 0.7899
9 0.6324 0.8049
10 0.5957 0.8263
11 0.5590 0.8565
12 0.5206 0.8759
13 0.4809 0.8945
14 0.4329 0.9240
15 0.3926 0.9433
16 0.3521 0.9553
17 0.3090 0.9794
18 0.2734 0.9829
19 0.2409 0.9934
20 0.2129 0.9998
21 0.1903 1.0152
22 0.1731 1.0154
23 0.1618 1.0159
24 0.1438 1.0154
25 0.1328 1.0178
26 0.1275 1.0210
27 0.1182 1.0190
28 0.1150 1.0159
29 0.1130 1.0223
30 0.1119 1.0176
